timestamp,m00,m01,m02,m03,m10,m11,m12,m13,m20,m21,m22,m23,m30,m31,m32,m33
0.000000,0.002245,0.999745,-0.022483,-0.004286,-0.997083,0.003954,0.076228,0.000578,0.076297,0.022246,0.996837,-0.006017,0.000000,0.000000,0.000000,1.000000
0.016674,0.002455,0.999711,-0.023910,-0.004520,-0.997016,0.004291,0.077073,0.000709,0.077153,0.023650,0.996739,-0.006733,0.000000,0.000000,0.000000,1.000000
0.033347,0.002124,0.999699,-0.024449,-0.004408,-0.996940,0.004028,0.078061,0.000829,0.078136,0.024208,0.996649,-0.007238,0.000000,0.000000,0.000000,1.000000
0.050021,0.001898,0.999682,-0.025134,-0.004197,-0.996846,0.003885,0.079263,0.000982,0.079336,0.024904,0.996537,-0.007649,0.000000,0.000000,0.000000,1.000000
0.066695,0.001905,0.999652,-0.026311,-0.003964,-0.996759,0.004014,0.080344,0.001174,0.080421,0.026073,0.996420,-0.007963,0.000000,0.000000,0.000000,1.000000
0.083368,0.000386,0.999558,-0.029724,-0.004643,-0.996948,0.002705,0.078022,0.001284,0.078068,0.029603,0.996509,-0.007966,0.000000,0.000000,0.000000,1.000000
0.100042,0.001381,0.999531,-0.030595,-0.007337,-0.997046,0.003726,0.076722,0.001208,0.076800,0.030399,0.996583,-0.007238,0.000000,0.000000,0.000000,1.000000
0.116716,0.001443,0.999552,-0.029879,-0.008084,-0.997124,0.003702,0.075693,0.001368,0.075770,0.029684,0.996683,-0.007061,0.000000,0.000000,0.000000,1.000000
0.133389,0.001124,0.999580,-0.028964,-0.008197,-0.997146,0.003307,0.075422,0.001601,0.075486,0.028797,0.996731,-0.007093,0.000000,0.000000,0.000000,1.000000
0.150063,0.000730,0.999599,-0.028299,-0.008103,-0.997146,0.002864,0.075447,0.001840,0.075498,0.028163,0.996748,-0.007184,0.000000,0.000000,0.000000,1.000000
0.166737,0.000245,0.999609,-0.027979,-0.007932,-0.997178,0.002345,0.075034,0.002057,0.075070,0.027881,0.996788,-0.007250,0.000000,0.000000,0.000000,1.000000
0.183411,0.002321,0.999527,-0.030678,-0.008310,-0.997407,0.004521,0.071820,0.002645,0.071924,0.030432,0.996946,-0.007670,0.000000,0.000000,0.000000,1.000000
0.200084,0.001779,0.999539,-0.030322,-0.008352,-0.997485,0.003922,0.070774,0.002960,0.070861,0.030120,0.997031,-0.007838,0.000000,0.000000,0.000000,1.000000
0.216758,0.001525,0.999543,-0.030197,-0.008308,-0.997523,0.003644,0.070251,0.003178,0.070329,0.030015,0.997072,-0.008002,0.000000,0.000000,0.000000,1.000000
0.233432,0.001413,0.999544,-0.030153,-0.008239,-0.997528,0.003527,0.070176,0.003342,0.070251,0.029979,0.997079,-0.008216,0.000000,0.000000,0.000000,1.000000
0.250105,0.001164,0.999548,-0.030052,-0.008146,-0.997524,0.003274,0.070244,0.003460,0.070311,0.029896,0.997077,-0.008466,0.000000,0.000000,0.000000,1.000000
0.266779,0.000747,0.999541,-0.030291,-0.008047,-0.997523,0.002875,0.070283,0.003542,0.070338,0.030163,0.997067,-0.008719,0.000000,0.000000,0.000000,1.000000
0.283453,0.006675,0.999438,-0.032854,-0.009564,-0.997633,0.008904,0.068185,0.003925,0.068439,0.032321,0.997132,-0.009524,0.000000,0.000000,0.000000,1.000000
0.300126,0.006962,0.999448,-0.032477,-0.010159,-0.997625,0.009168,0.068259,0.004143,0.068520,0.031924,0.997139,-0.010016,0.000000,0.000000,0.000000,1.000000
0.316800,0.007206,0.999468,-0.031822,-0.010449,-0.997622,0.009367,0.068289,0.004313,0.068551,0.031254,0.997158,-0.010440,0.000000,0.000000,0.000000,1.000000
0.333474,0.007351,0.999472,-0.031650,-0.010659,-0.997619,0.009501,0.068307,0.004465,0.068571,0.031073,0.997162,-0.010830,0.000000,0.000000,0.000000,1.000000
0.350147,0.007354,0.999471,-0.031672,-0.010849,-0.997608,0.009510,0.068466,0.004619,0.068731,0.031092,0.997151,-0.011227,0.000000,0.000000,0.000000,1.000000
0.366821,0.007534,0.999486,-0.031163,-0.011051,-0.997594,0.009660,0.068653,0.004798,0.068919,0.030571,0.997154,-0.011666,0.000000,0.000000,0.000000,1.000000
0.383495,0.012212,0.999334,-0.034388,-0.011544,-0.997820,0.014409,0.064394,0.003895,0.064846,0.033526,0.997332,-0.010904,0.000000,0.000000,0.000000,1.000000
0.400168,0.012678,0.999338,-0.034108,-0.011923,-0.997820,0.014853,0.064302,0.003706,0.064766,0.033218,0.997347,-0.010876,0.000000,0.000000,0.000000,1.000000
0.416842,0.012838,0.999336,-0.034095,-0.012219,-0.997821,0.015011,0.064256,0.003721,0.064725,0.033196,0.997351,-0.011088,0.000000,0.000000,0.000000,1.000000
0.433516,0.012740,0.999333,-0.034212,-0.012474,-0.997823,0.014920,0.064240,0.003780,0.064708,0.033319,0.997348,-0.011375,0.000000,0.000000,0.000000,1.000000
0.450189,0.012682,0.999330,-0.034346,-0.012719,-0.997811,0.014878,0.064434,0.003852,0.064901,0.033453,0.997331,-0.011714,0.000000,0.000000,0.000000,1.000000
0.466863,0.012934,0.999328,-0.034311,-0.012975,-0.997774,0.015143,0.064943,0.003930,0.065419,0.033394,0.997299,-0.012115,0.000000,0.000000,0.000000,1.000000
0.483537,0.011730,0.999197,-0.038305,-0.012183,-0.997932,0.014119,0.062706,0.002961,0.063196,0.037490,0.997297,-0.011759,0.000000,0.000000,0.000000,1.000000
0.500211,0.011770,0.999187,-0.038555,-0.012049,-0.997895,0.014196,0.063270,0.002598,0.063766,0.037729,0.997252,-0.011890,0.000000,0.000000,0.000000,1.000000
0.516884,0.011418,0.999186,-0.038697,-0.012105,-0.997874,0.013869,0.063675,0.002381,0.064159,0.037888,0.997220,-0.012192,0.000000,0.000000,0.000000,1.000000
0.533558,0.011022,0.999192,-0.038644,-0.012216,-0.997857,0.013484,0.064031,0.002189,0.064500,0.037855,0.997200,-0.012570,0.000000,0.000000,0.000000,1.000000
0.550232,0.010675,0.999198,-0.038604,-0.012347,-0.997821,0.013159,0.064658,0.001982,0.065115,0.037830,0.997161,-0.013008,0.000000,0.000000,0.000000,1.000000
0.566905,0.010406,0.999192,-0.038819,-0.012489,-0.997755,0.012943,0.065700,0.001751,0.066149,0.038048,0.997084,-0.013496,0.000000,0.000000,0.000000,1.000000
0.583579,0.005172,0.999124,-0.041533,-0.012640,-0.997571,0.008040,0.069198,0.002627,0.069472,0.041075,0.996738,-0.013910,0.000000,0.000000,0.000000,1.000000
0.600253,0.004996,0.999108,-0.041938,-0.012798,-0.997493,0.007940,0.070314,0.002742,0.070584,0.041481,0.996643,-0.014428,0.000000,0.000000,0.000000,1.000000
0.616926,0.005080,0.999118,-0.041686,-0.013002,-0.997422,0.008046,0.071307,0.002614,0.071580,0.041216,0.996583,-0.014997,0.000000,0.000000,0.000000,1.000000
0.633600,0.005119,0.999120,-0.041622,-0.013218,-0.997345,0.008125,0.072366,0.002398,0.072641,0.041141,0.996509,-0.015589,0.000000,0.000000,0.000000,1.000000
0.650274,0.005016,0.999100,-0.042120,-0.013433,-0.997249,0.008113,0.073685,0.002145,0.073960,0.041634,0.996392,-0.016199,0.000000,0.000000,0.000000,1.000000
0.666947,0.004792,0.999078,-0.042667,-0.013654,-0.997156,0.007984,0.074945,0.001870,0.075217,0.042186,0.996274,-0.016821,0.000000,0.000000,0.000000,1.000000
0.683621,0.002294,0.999010,-0.044431,-0.012568,-0.997013,0.005715,0.077024,0.000711,0.077202,0.044122,0.996039,-0.016144,0.000000,0.000000,0.000000,1.000000
0.700295,0.001992,0.999008,-0.044482,-0.012338,-0.996953,0.005453,0.077811,0.000170,0.077976,0.044191,0.995975,-0.016312,0.000000,0.000000,0.000000,1.000000
0.716968,0.001755,0.998996,-0.044768,-0.012396,-0.996852,0.005296,0.079107,-0.000180,0.079265,0.044488,0.995861,-0.016767,0.000000,0.000000,0.000000,1.000000
0.733642,0.001499,0.998979,-0.045165,-0.012543,-0.996716,0.005149,0.080814,-0.000473,0.080964,0.044895,0.995706,-0.017337,0.000000,0.000000,0.000000,1.000000
0.750316,0.001136,0.998960,-0.045587,-0.012722,-0.996583,0.004896,0.082450,-0.000754,0.082588,0.045338,0.995552,-0.017934,0.000000,0.000000,0.000000,1.000000
0.766990,-0.000313,0.998945,-0.045912,-0.012639,-0.996245,0.003663,0.086499,-0.001145,0.086576,0.045766,0.995194,-0.017879,0.000000,0.000000,0.000000,1.000000
0.783663,-0.000948,0.998935,-0.046121,-0.012040,-0.996170,0.003089,0.087385,-0.001683,0.087434,0.046028,0.995107,-0.016973,0.000000,0.000000,0.000000,1.000000
0.800337,-0.001069,0.998923,-0.046379,-0.011970,-0.996061,0.003049,0.088616,-0.002019,0.088662,0.046291,0.994986,-0.017026,0.000000,0.000000,0.000000,1.000000
0.817011,-0.001083,0.998895,-0.046978,-0.012072,-0.995925,0.003160,0.090134,-0.002287,0.090182,0.046884,0.994821,-0.017375,0.000000,0.000000,0.000000,1.000000
0.833684,-0.001171,0.998865,-0.047626,-0.012227,-0.995801,0.003195,0.091492,-0.002528,0.091540,0.047534,0.994666,-0.017798,0.000000,0.000000,0.000000,1.000000
0.850358,-0.001418,0.998848,-0.047961,-0.012398,-0.995708,0.003028,0.092502,-0.002757,0.092540,0.047887,0.994557,-0.018230,0.000000,0.000000,0.000000,1.000000
0.867032,-0.004105,0.998861,-0.047541,-0.012105,-0.995456,0.000441,0.095225,-0.003913,0.095138,0.047716,0.994320,-0.017789,0.000000,0.000000,0.000000,1.000000
0.883705,-0.004225,0.998881,-0.047098,-0.012132,-0.995420,0.000297,0.095596,-0.004363,0.095503,0.047286,0.994306,-0.017895,0.000000,0.000000,0.000000,1.000000
0.900379,-0.004267,0.998878,-0.047175,-0.012301,-0.995346,0.000299,0.096370,-0.004570,0.096276,0.047366,0.994227,-0.018166,0.000000,0.000000,0.000000,1.000000
0.917053,-0.004236,0.998855,-0.047661,-0.012533,-0.995264,0.000418,0.097206,-0.004681,0.097115,0.047847,0.994122,-0.018474,0.000000,0.000000,0.000000,1.000000
0.933726,-0.004133,0.998829,-0.048197,-0.012798,-0.995200,0.000604,0.097863,-0.004747,0.097778,0.048370,0.994032,-0.018784,0.000000,0.000000,0.000000,1.000000
0.950400,-0.003905,0.998816,-0.048497,-0.013079,-0.995155,0.000883,0.098317,-0.004786,0.098243,0.048646,0.993973,-0.019101,0.000000,0.000000,0.000000,1.000000
0.967074,-0.006385,0.998660,-0.051357,-0.012799,-0.995011,-0.001232,0.099753,-0.005318,0.099556,0.051738,0.993686,-0.018635,0.000000,0.000000,0.000000,1.000000
0.983748,-0.006327,0.998653,-0.051493,-0.012859,-0.994955,-0.001131,0.100318,-0.005508,0.100125,0.051868,0.993622,-0.018681,0.000000,0.000000,0.000000,1.000000
1.000421,-0.006205,0.998628,-0.051998,-0.013039,-0.994873,-0.000916,0.101133,-0.005591,0.100946,0.052359,0.993513,-0.018907,0.000000,0.000000,0.000000,1.000000
1.017095,-0.006011,0.998599,-0.052574,-0.013250,-0.994759,-0.000605,0.102250,-0.005643,0.102075,0.052913,0.993369,-0.019218,0.000000,0.000000,0.000000,1.000000
1.033769,-0.005952,0.998559,-0.053341,-0.013454,-0.994632,-0.000402,0.103470,-0.005700,0.103300,0.053670,0.993201,-0.019552,0.000000,0.000000,0.000000,1.000000
1.050442,-0.006119,0.998522,-0.054008,-0.013638,-0.994536,-0.000448,0.104395,-0.005771,0.104217,0.054352,0.993068,-0.019877,0.000000,0.000000,0.000000,1.000000
1.067116,-0.007946,0.998322,-0.057350,-0.013135,-0.994380,-0.001834,0.105850,-0.005878,0.105567,0.057869,0.992727,-0.018936,0.000000,0.000000,0.000000,1.000000
1.083790,-0.008181,0.998299,-0.057724,-0.013047,-0.994341,-0.002007,0.106215,-0.005942,0.105919,0.058266,0.992666,-0.018800,0.000000,0.000000,0.000000,1.000000
1.100463,-0.008450,0.998242,-0.058672,-0.013087,-0.994253,-0.002125,0.107035,-0.005973,0.106722,0.059239,0.992523,-0.018924,0.000000,0.000000,0.000000,1.000000
1.117137,-0.008779,0.998180,-0.059665,-0.013160,-0.994157,-0.002293,0.107919,-0.005975,0.107585,0.060264,0.992368,-0.019130,0.000000,0.000000,0.000000,1.000000
1.133811,-0.009024,0.998124,-0.060555,-0.013256,-0.994072,-0.002393,0.108696,-0.005946,0.108347,0.061177,0.992229,-0.019350,0.000000,0.000000,0.000000,1.000000
1.150485,-0.009140,0.998074,-0.061353,-0.013374,-0.994005,-0.002383,0.109313,-0.005882,0.108956,0.061985,0.992112,-0.019563,0.000000,0.000000,0.000000,1.000000
1.167158,-0.010154,0.997880,-0.064292,-0.012830,-0.993847,-0.002980,0.110718,-0.006485,0.110292,0.065020,0.991770,-0.019092,0.000000,0.000000,0.000000,1.000000
1.183832,-0.010505,0.997830,-0.064998,-0.012713,-0.993822,-0.003237,0.110935,-0.006606,0.110484,0.065762,0.991700,-0.019037,0.000000,0.000000,0.000000,1.000000
1.200506,-0.010759,0.997794,-0.065506,-0.012740,-0.993798,-0.003419,0.111151,-0.006555,0.110682,0.066296,0.991642,-0.019114,0.000000,0.000000,0.000000,1.000000
1.217179,-0.010962,0.997765,-0.065908,-0.012816,-0.993778,-0.003565,0.111320,-0.006440,0.110836,0.066719,0.991597,-0.019232,0.000000,0.000000,0.000000,1.000000
1.233853,-0.011344,0.997700,-0.066831,-0.012896,-0.993747,-0.003824,0.111587,-0.006303,0.111075,0.067679,0.991505,-0.019348,0.000000,0.000000,0.000000,1.000000
1.250527,-0.011828,0.997623,-0.067883,-0.012970,-0.993699,-0.004160,0.112001,-0.006146,0.111452,0.068780,0.991387,-0.019471,0.000000,0.000000,0.000000,1.000000
1.267200,-0.012286,0.997465,-0.070095,-0.012940,-0.993547,-0.004272,0.113344,-0.006666,0.112757,0.071035,0.991080,-0.019980,0.000000,0.000000,0.000000,1.000000
1.283874,-0.012469,0.997398,-0.071005,-0.013006,-0.993516,-0.004333,0.113608,-0.006725,0.113005,0.071962,0.990985,-0.020232,0.000000,0.000000,0.000000,1.000000
1.300548,-0.012748,0.997311,-0.072161,-0.013091,-0.993496,-0.004467,0.113779,-0.006639,0.113151,0.073142,0.990882,-0.020374,0.000000,0.000000,0.000000,1.000000
1.317221,-0.013132,0.997233,-0.073172,-0.013173,-0.993487,-0.004729,0.113851,-0.006513,0.113190,0.074191,0.990800,-0.020482,0.000000,0.000000,0.000000,1.000000
1.333895,-0.013368,0.997168,-0.074003,-0.013278,-0.993486,-0.004870,0.113847,-0.006373,0.113164,0.075043,0.990738,-0.020587,0.000000,0.000000,0.000000,1.000000
1.350569,-0.013394,0.997096,-0.074972,-0.013418,-0.993498,-0.004793,0.113746,-0.006227,0.113056,0.076008,0.990677,-0.020687,0.000000,0.000000,0.000000,1.000000
1.367242,-0.012670,0.996944,-0.077087,-0.013536,-0.993401,-0.003761,0.114628,-0.006157,0.113988,0.078031,0.990413,-0.020544,0.000000,0.000000,0.000000,1.000000
1.383916,-0.012837,0.996849,-0.078273,-0.013642,-0.993385,-0.003781,0.114771,-0.006207,0.114114,0.079229,0.990303,-0.020186,0.000000,0.000000,0.000000,1.000000
1.400590,-0.013052,0.996750,-0.079496,-0.013767,-0.993344,-0.003826,0.115118,-0.006179,0.114440,0.080470,0.990166,-0.020163,0.000000,0.000000,0.000000,1.000000
1.417264,-0.013197,0.996666,-0.080521,-0.013912,-0.993307,-0.003826,0.115438,-0.006136,0.114745,0.081505,0.990046,-0.020263,0.000000,0.000000,0.000000,1.000000
1.433937,-0.013306,0.996576,-0.081609,-0.014072,-0.993268,-0.003781,0.115781,-0.006092,0.115076,0.082601,0.989917,-0.020408,0.000000,0.000000,0.000000,1.000000
1.450611,-0.013475,0.996480,-0.082738,-0.014233,-0.993214,-0.003780,0.116241,-0.006052,0.115520,0.083743,0.989769,-0.020586,0.000000,0.000000,0.000000,1.000000
1.467285,-0.013312,0.996366,-0.084131,-0.014035,-0.993068,-0.003347,0.117494,-0.006292,0.116785,0.085112,0.989504,-0.020922,0.000000,0.000000,0.000000,1.000000
1.483958,-0.013591,0.996309,-0.084761,-0.014060,-0.993047,-0.003536,0.117666,-0.006384,0.116932,0.085770,0.989429,-0.021182,0.000000,0.000000,0.000000,1.000000
1.500632,-0.014009,0.996240,-0.085495,-0.014143,-0.993026,-0.003851,0.117833,-0.006431,0.117061,0.086549,0.989346,-0.021427,0.000000,0.000000,0.000000,1.000000
1.517306,-0.014420,0.996145,-0.086530,-0.014248,-0.992986,-0.004110,0.118163,-0.006454,0.117352,0.087627,0.989217,-0.021684,0.000000,0.000000,0.000000,1.000000
1.533979,-0.014757,0.996044,-0.087632,-0.014370,-0.992926,-0.004271,0.118658,-0.006464,0.117814,0.088763,0.989061,-0.021966,0.000000,0.000000,0.000000,1.000000
1.550653,-0.015041,0.995948,-0.088661,-0.014500,-0.992866,-0.004388,0.119153,-0.006472,0.118281,0.089821,0.988910,-0.022267,0.000000,0.000000,0.000000,1.000000
1.567327,-0.015107,0.995853,-0.089711,-0.013832,-0.992754,-0.004242,0.120090,-0.006534,0.119211,0.090875,0.988701,-0.022080,0.000000,0.000000,0.000000,1.000000
1.584000,-0.015312,0.995782,-0.090465,-0.013705,-0.992724,-0.004333,0.120333,-0.006573,0.119433,0.091649,0.988603,-0.022232,0.000000,0.000000,0.000000,1.000000
1.600674,-0.015432,0.995702,-0.091317,-0.013757,-0.992664,-0.004303,0.120832,-0.006607,0.119920,0.092512,0.988464,-0.022521,0.000000,0.000000,0.000000,1.000000
1.617348,-0.015399,0.995609,-0.092331,-0.013883,-0.992595,-0.004094,0.121398,-0.006640,0.120487,0.093517,0.988300,-0.022857,0.000000,0.000000,0.000000,1.000000
1.634021,-0.015236,0.995512,-0.093399,-0.014047,-0.992546,-0.003762,0.121813,-0.006681,0.120915,0.094558,0.988149,-0.023205,0.000000,0.000000,0.000000,1.000000
1.650695,-0.015073,0.995407,-0.094545,-0.014217,-0.992495,-0.003419,0.122235,-0.006734,0.121350,0.095678,0.987988,-0.023567,0.000000,0.000000,0.000000,1.000000
1.667369,-0.015122,0.995205,-0.096637,-0.013741,-0.992285,-0.003043,0.123940,-0.006748,0.123052,0.097766,0.987573,-0.023291,0.000000,0.000000,0.000000,1.000000
1.684042,-0.015012,0.995076,-0.097969,-0.013670,-0.992163,-0.002669,0.124924,-0.006812,0.124047,0.099076,0.987318,-0.023458,0.000000,0.000000,0.000000,1.000000
1.700716,-0.014920,0.994957,-0.099182,-0.013709,-0.992081,-0.002358,0.125578,-0.006902,0.124711,0.100271,0.987114,-0.023743,0.000000,0.000000,0.000000,1.000000
1.717390,-0.014929,0.994842,-0.100328,-0.013761,-0.992023,-0.002176,0.126040,-0.007011,0.125171,0.101409,0.986939,-0.024066,0.000000,0.000000,0.000000,1.000000
1.734064,-0.014981,0.994703,-0.101694,-0.013802,-0.991943,-0.001989,0.126668,-0.007132,0.125795,0.102772,0.986719,-0.024415,0.000000,0.000000,0.000000,1.000000
1.750737,-0.015006,0.994527,-0.103401,-0.013823,-0.991837,-0.001710,0.127498,-0.007259,0.126623,0.104470,0.986434,-0.024779,0.000000,0.000000,0.000000,1.000000
1.767411,-0.014874,0.994238,-0.106155,-0.013288,-0.991614,-0.001037,0.129231,-0.007846,0.128376,0.107187,0.985916,-0.024148,0.000000,0.000000,0.000000,1.000000
1.784085,-0.015078,0.994068,-0.107714,-0.013054,-0.991531,-0.000967,0.129870,-0.008156,0.128995,0.108759,0.985663,-0.024164,0.000000,0.000000,0.000000,1.000000
1.800758,-0.015455,0.993875,-0.109421,-0.012887,-0.991425,-0.001030,0.130676,-0.008402,0.129763,0.110502,0.985368,-0.024392,0.000000,0.000000,0.000000,1.000000
1.817432,-0.015955,0.993659,-0.111301,-0.012727,-0.991301,-0.001175,0.131611,-0.008634,0.130646,0.112433,0.985033,-0.024702,0.000000,0.000000,0.000000,1.000000
1.834106,-0.016419,0.993457,-0.113021,-0.012562,-0.991177,-0.001303,0.132538,-0.008859,0.131524,0.114200,0.984713,-0.025062,0.000000,0.000000,0.000000,1.000000
1.850779,-0.016800,0.993285,-0.114472,-0.012393,-0.991051,-0.001379,0.133480,-0.009082,0.132425,0.115690,0.984418,-0.025465,0.000000,0.000000,0.000000,1.000000
1.867453,-0.017795,0.992945,-0.117236,-0.012222,-0.990704,-0.001694,0.136027,-0.009375,0.134869,0.118567,0.983744,-0.025720,0.000000,0.000000,0.000000,1.000000
1.884127,-0.018148,0.992784,-0.118534,-0.012053,-0.990628,-0.001802,0.136579,-0.009697,0.135379,0.119902,0.983512,-0.025903,0.000000,0.000000,0.000000,1.000000
1.900800,-0.018471,0.992613,-0.119907,-0.011928,-0.990500,-0.001821,0.137499,-0.009906,0.136265,0.121307,0.983217,-0.026278,0.000000,0.000000,0.000000,1.000000
1.917474,-0.018506,0.992473,-0.121055,-0.011850,-0.990326,-0.001542,0.138752,-0.010049,0.137521,0.122452,0.982901,-0.026758,0.000000,0.000000,0.000000,1.000000
1.934148,-0.018287,0.992330,-0.122256,-0.011823,-0.990141,-0.000990,0.140071,-0.010149,0.138876,0.123612,0.982565,-0.027269,0.000000,0.000000,0.000000,1.000000
1.950821,-0.018062,0.992164,-0.123629,-0.011827,-0.989990,-0.000436,0.141139,-0.010239,0.139980,0.124941,0.982240,-0.027758,0.000000,0.000000,0.000000,1.000000
1.967495,-0.018529,0.991875,-0.125858,-0.012240,-0.989706,-0.000329,0.143115,-0.010460,0.141911,0.127215,0.981671,-0.027730,0.000000,0.000000,0.000000,1.000000
1.984169,-0.018580,0.991733,-0.126966,-0.012413,-0.989594,-0.000119,0.143891,-0.010582,0.142686,0.128319,0.981415,-0.027996,0.000000,0.000000,0.000000,1.000000
2.000843,-0.018666,0.991567,-0.128244,-0.012524,-0.989461,0.000102,0.144802,-0.010665,0.143594,0.129595,0.981115,-0.028338,0.000000,0.000000,0.000000,1.000000
2.017516,-0.018839,0.991350,-0.129886,-0.012616,-0.989310,0.000306,0.145828,-0.010732,0.144606,0.131245,0.980747,-0.028687,0.000000,0.000000,0.000000,1.000000
2.034190,-0.019078,0.991139,-0.131448,-0.012692,-0.989154,0.000440,0.146884,-0.010794,0.145640,0.132825,0.980381,-0.029032,0.000000,0.000000,0.000000,1.000000
2.050864,-0.019455,0.990956,-0.132769,-0.012743,-0.989022,0.000381,0.147766,-0.010863,0.146481,0.134186,0.980070,-0.029355,0.000000,0.000000,0.000000,1.000000
2.067537,-0.019888,0.990680,-0.134751,-0.012873,-0.988739,0.000506,0.149648,-0.011466,0.148322,0.136210,0.979514,-0.029195,0.000000,0.000000,0.000000,1.000000
2.084211,-0.020605,0.990494,-0.136008,-0.012932,-0.988721,-0.000003,0.149769,-0.011711,0.148345,0.137560,0.979322,-0.029241,0.000000,0.000000,0.000000,1.000000
2.100885,-0.021234,0.990330,-0.137100,-0.012982,-0.988702,-0.000449,0.149892,-0.011827,0.148381,0.138733,0.979151,-0.029355,0.000000,0.000000,0.000000,1.000000
2.117558,-0.021727,0.990161,-0.138239,-0.013042,-0.988654,-0.000723,0.150211,-0.011888,0.148633,0.139934,0.978942,-0.029508,0.000000,0.000000,0.000000,1.000000
2.134232,-0.022077,0.989982,-0.139459,-0.013119,-0.988584,-0.000821,0.150667,-0.011918,0.149043,0.141193,0.978699,-0.029682,0.000000,0.000000,0.000000,1.000000
2.150906,-0.022328,0.989827,-0.140515,-0.013213,-0.988510,-0.000840,0.151156,-0.011928,0.149500,0.142275,0.978472,-0.029873,0.000000,0.000000,0.000000,1.000000
2.167579,-0.021980,0.989618,-0.142033,-0.013260,-0.988255,-0.000018,0.152813,-0.012261,0.151224,0.143724,0.977995,-0.029418,0.000000,0.000000,0.000000,1.000000
2.184253,-0.021987,0.989477,-0.143012,-0.013373,-0.988264,0.000118,0.152757,-0.012357,0.151167,0.144692,0.977862,-0.029361,0.000000,0.000000,0.000000,1.000000
2.200927,-0.022015,0.989266,-0.144460,-0.013496,-0.988227,0.000350,0.152992,-0.012374,0.151401,0.146128,0.977612,-0.029433,0.000000,0.000000,0.000000,1.000000
2.217600,-0.022068,0.989018,-0.146138,-0.013599,-0.988125,0.000656,0.153652,-0.012364,0.152061,0.147793,0.977259,-0.029570,0.000000,0.000000,0.000000,1.000000
2.234274,-0.022211,0.988780,-0.147722,-0.013663,-0.987985,0.000896,0.154547,-0.012351,0.152946,0.149380,0.976880,-0.029748,0.000000,0.000000,0.000000,1.000000
2.250948,-0.022392,0.988532,-0.149345,-0.013688,-0.987849,0.001103,0.155412,-0.012332,0.153794,0.151011,0.976495,-0.029920,0.000000,0.000000,0.000000,1.000000
2.267621,-0.022882,0.988125,-0.151936,-0.013602,-0.987493,0.001374,0.157657,-0.012555,0.155993,0.153644,0.975736,-0.030346,0.000000,0.000000,0.000000,1.000000
2.284295,-0.023185,0.987853,-0.153650,-0.013521,-0.987439,0.001399,0.157993,-0.012621,0.156289,0.155384,0.975413,-0.030551,0.000000,0.000000,0.000000,1.000000
2.300969,-0.023544,0.987564,-0.155442,-0.013417,-0.987378,0.001388,0.158374,-0.012635,0.156620,0.157209,0.975067,-0.030663,0.000000,0.000000,0.000000,1.000000
2.317642,-0.024071,0.987230,-0.157471,-0.013278,-0.987312,0.001255,0.158789,-0.012639,0.156959,0.159295,0.974674,-0.030723,0.000000,0.000000,0.000000,1.000000
2.334316,-0.024729,0.986913,-0.159344,-0.013106,-0.987263,0.000948,0.159091,-0.012643,0.157160,0.161248,0.974320,-0.030754,0.000000,0.000000,0.000000,1.000000
2.350990,-0.025234,0.986639,-0.160954,-0.012919,-0.987257,0.000710,0.159131,-0.012639,0.157119,0.162919,0.974049,-0.030770,0.000000,0.000000,0.000000,1.000000
2.367664,-0.026316,0.986171,-0.163626,-0.012834,-0.987014,0.000313,0.160632,-0.012872,0.158462,0.165729,0.973357,-0.031521,0.000000,0.000000,0.000000,1.000000
2.384337,-0.026796,0.985839,-0.165539,-0.012667,-0.986999,0.000161,0.160727,-0.012949,0.158478,0.167694,0.973018,-0.031804,0.000000,0.000000,0.000000,1.000000
2.401011,-0.027358,0.985503,-0.167436,-0.012462,-0.986964,-0.000054,0.160941,-0.012974,0.158599,0.169657,0.972658,-0.031938,0.000000,0.000000,0.000000,1.000000
2.417685,-0.027951,0.985150,-0.169403,-0.012246,-0.986921,-0.000281,0.161206,-0.012980,0.158765,0.171693,0.972273,-0.032025,0.000000,0.000000,0.000000,1.000000
2.434358,-0.028411,0.984818,-0.171247,-0.012040,-0.986887,-0.000404,0.161411,-0.012966,0.158892,0.173588,0.971916,-0.032103,0.000000,0.000000,0.000000,1.000000
2.451032,-0.028808,0.984507,-0.172963,-0.011849,-0.986857,-0.000486,0.161595,-0.012937,0.159007,0.175345,0.971582,-0.032185,0.000000,0.000000,0.000000,1.000000
2.467706,-0.030073,0.984016,-0.175520,-0.011816,-0.986532,-0.000975,0.163564,-0.012893,0.160778,0.178075,0.970794,-0.032387,0.000000,0.000000,0.000000,1.000000
2.484379,-0.030439,0.983613,-0.177704,-0.011876,-0.986497,-0.000940,0.163775,-0.012839,0.160924,0.180290,0.970360,-0.032690,0.000000,0.000000,0.000000,1.000000
2.501053,-0.030550,0.983233,-0.179773,-0.011873,-0.986467,-0.000672,0.163957,-0.012765,0.161087,0.182349,0.969948,-0.032856,0.000000,0.000000,0.000000,1.000000
2.517727,-0.030431,0.982889,-0.181668,-0.011859,-0.986419,-0.000181,0.164250,-0.012672,0.161406,0.184199,0.969546,-0.032996,0.000000,0.000000,0.000000,1.000000
2.534400,-0.030360,0.982524,-0.183642,-0.011827,-0.986352,0.000297,0.164652,-0.012575,0.161829,0.186134,0.969105,-0.033119,0.000000,0.000000,0.000000,1.000000
2.551074,-0.030489,0.982151,-0.185606,-0.011768,-0.986294,0.000563,0.164996,-0.012495,0.162155,0.188093,0.968673,-0.033222,0.000000,0.000000,0.000000,1.000000
2.567748,-0.031158,0.981720,-0.187765,-0.012003,-0.985955,0.000649,0.167007,-0.012395,0.164076,0.190332,0.967912,-0.033243,0.000000,0.000000,0.000000,1.000000
2.584421,-0.031370,0.981345,-0.189679,-0.012008,-0.985902,0.000825,0.167321,-0.012350,0.164356,0.192253,0.967484,-0.033333,0.000000,0.000000,0.000000,1.000000
2.601095,-0.031705,0.980924,-0.191786,-0.011919,-0.985810,0.000957,0.167863,-0.012328,0.164845,0.194387,0.966975,-0.033432,0.000000,0.000000,0.000000,1.000000
2.617769,-0.032161,0.980524,-0.193749,-0.011778,-0.985698,0.000968,0.168521,-0.012327,0.165427,0.196397,0.966469,-0.033532,0.000000,0.000000,0.000000,1.000000
2.634442,-0.032711,0.980162,-0.195479,-0.011611,-0.985606,0.000823,0.169055,-0.012345,0.165862,0.198195,0.966027,-0.033612,0.000000,0.000000,0.000000,1.000000
2.651116,-0.033356,0.979804,-0.197160,-0.011426,-0.985558,0.000522,0.169335,-0.012376,0.166018,0.199961,0.965637,-0.033660,0.000000,0.000000,0.000000,1.000000
2.667790,-0.034598,0.979320,-0.199340,-0.011651,-0.985260,0.000012,0.171063,-0.012356,0.167528,0.202320,0.964884,-0.033613,0.000000,0.000000,0.000000,1.000000
2.684464,-0.035234,0.978924,-0.201161,-0.011602,-0.985203,-0.000240,0.171392,-0.012361,0.167731,0.204223,0.964448,-0.033623,0.000000,0.000000,0.000000,1.000000
2.701137,-0.035761,0.978499,-0.203130,-0.011493,-0.985125,-0.000331,0.171841,-0.012352,0.168079,0.206253,0.963955,-0.033635,0.000000,0.000000,0.000000,1.000000
2.717811,-0.036207,0.978094,-0.204993,-0.011379,-0.985049,-0.000359,0.172271,-0.012323,0.168424,0.208166,0.963483,-0.033646,0.000000,0.000000,0.000000,1.000000
2.734485,-0.036515,0.977724,-0.206693,-0.011285,-0.984980,-0.000283,0.172670,-0.012272,0.168765,0.209893,0.963049,-0.033651,0.000000,0.000000,0.000000,1.000000
2.751158,-0.036755,0.977324,-0.208533,-0.011217,-0.984915,-0.000119,0.173037,-0.012207,0.169089,0.211748,0.962586,-0.033630,0.000000,0.000000,0.000000,1.000000
2.767832,-0.036975,0.976892,-0.210512,-0.011177,-0.984891,0.000039,0.173174,-0.012140,0.169180,0.213735,0.962131,-0.033573,0.000000,0.000000,0.000000,1.000000
2.784506,-0.037368,0.976435,-0.212551,-0.011218,-0.984639,0.000325,0.174600,-0.012299,0.170555,0.215811,0.961425,-0.034232,0.000000,0.000000,0.000000,1.000000
2.801179,-0.037357,0.976070,-0.214226,-0.011266,-0.984627,0.000651,0.174667,-0.012320,0.170627,0.217458,0.961040,-0.034473,0.000000,0.000000,0.000000,1.000000
2.817853,-0.037497,0.975661,-0.216056,-0.011311,-0.984602,0.000869,0.174806,-0.012307,0.170739,0.219284,0.960605,-0.034568,0.000000,0.000000,0.000000,1.000000
2.834527,-0.037818,0.975235,-0.217913,-0.011342,-0.984576,0.000912,0.174955,-0.012290,0.170821,0.221168,0.960159,-0.034617,0.000000,0.000000,0.000000,1.000000
2.851200,-0.038161,0.974818,-0.219715,-0.011363,-0.984572,0.000895,0.174975,-0.012273,0.170766,0.223002,0.959745,-0.034655,0.000000,0.000000,0.000000,1.000000
2.867874,-0.038487,0.974395,-0.221524,-0.011383,-0.984565,0.000901,0.175019,-0.012253,0.170737,0.224840,0.959320,-0.034700,0.000000,0.000000,0.000000,1.000000
2.884548,-0.039749,0.973987,-0.223091,-0.010867,-0.984386,0.000145,0.176024,-0.012114,0.171477,0.226604,0.958773,-0.034880,0.000000,0.000000,0.000000,1.000000
2.901221,-0.040114,0.973576,-0.224810,-0.010676,-0.984319,0.000174,0.176395,-0.012052,0.171773,0.228361,0.958303,-0.035029,0.000000,0.000000,0.000000,1.000000
2.917895,-0.040530,0.973209,-0.226323,-0.010576,-0.984268,0.000098,0.176684,-0.012000,0.171972,0.229923,0.957894,-0.035174,0.000000,0.000000,0.000000,1.000000
2.934569,-0.041036,0.972842,-0.227802,-0.010497,-0.984219,-0.000079,0.176956,-0.011941,0.172132,0.231469,0.957493,-0.035317,0.000000,0.000000,0.000000,1.000000
2.951242,-0.041575,0.972413,-0.229532,-0.010435,-0.984190,-0.000272,0.177115,-0.011869,0.172167,0.233267,0.957050,-0.035439,0.000000,0.000000,0.000000,1.000000
2.967916,-0.042146,0.971929,-0.231467,-0.010390,-0.984174,-0.000476,0.177204,-0.011787,0.172120,0.235272,0.956568,-0.035550,0.000000,0.000000,0.000000,1.000000
2.984590,-0.042907,0.971503,-0.233113,-0.009991,-0.984080,-0.000818,0.177723,-0.011570,0.172467,0.237027,0.956072,-0.034979,0.000000,0.000000,0.000000,1.000000
3.001264,-0.043400,0.971026,-0.235000,-0.009845,-0.984034,-0.000908,0.177979,-0.011434,0.172609,0.238972,0.955562,-0.034876,0.000000,0.000000,0.000000,1.000000
3.017937,-0.043883,0.970510,-0.237033,-0.009792,-0.984016,-0.001001,0.178079,-0.011321,0.172591,0.241058,0.955041,-0.034901,0.000000,0.000000,0.000000,1.000000
3.034611,-0.044328,0.970033,-0.238897,-0.009780,-0.984051,-0.001160,0.177885,-0.011210,0.172277,0.242972,0.954613,-0.034952,0.000000,0.000000,0.000000,1.000000
3.051285,-0.044637,0.969615,-0.240529,-0.009795,-0.984087,-0.001227,0.177681,-0.011092,0.171987,0.244633,0.954241,-0.035015,0.000000,0.000000,0.000000,1.000000
3.067958,-0.045001,0.969174,-0.242233,-0.009825,-0.984161,-0.001389,0.177274,-0.010981,0.171473,0.246373,0.953885,-0.035047,0.000000,0.000000,0.000000,1.000000
3.084632,-0.046330,0.968424,-0.244965,-0.009454,-0.984037,-0.002063,0.177953,-0.011203,0.171829,0.249299,0.953061,-0.035601,0.000000,0.000000,0.000000,1.000000
3.101306,-0.047044,0.967948,-0.246706,-0.009339,-0.984158,-0.002649,0.177274,-0.011238,0.170939,0.251137,0.952738,-0.035776,0.000000,0.000000,0.000000,1.000000
3.117979,-0.047485,0.967560,-0.248138,-0.009343,-0.984294,-0.003039,0.176512,-0.011205,0.170032,0.252622,0.952508,-0.035833,0.000000,0.000000,0.000000,1.000000
3.134653,-0.047805,0.967168,-0.249602,-0.009403,-0.984406,-0.003266,0.175883,-0.011154,0.169293,0.254117,0.952242,-0.035866,0.000000,0.000000,0.000000,1.000000
3.151327,-0.048121,0.966764,-0.251102,-0.009482,-0.984506,-0.003469,0.175314,-0.011099,0.168616,0.255648,0.951952,-0.035892,0.000000,0.000000,0.000000,1.000000
3.168000,-0.048626,0.966297,-0.252797,-0.009560,-0.984623,-0.003858,0.174648,-0.011053,0.167786,0.257403,0.951626,-0.035900,0.000000,0.000000,0.000000,1.000000
3.184674,-0.050335,0.965247,-0.256445,-0.009404,-0.984545,-0.004830,0.175068,-0.011152,0.167745,0.261294,0.950572,-0.036417,0.000000,0.000000,0.000000,1.000000
3.201348,-0.051270,0.964543,-0.258899,-0.009373,-0.984584,-0.005408,0.174827,-0.011187,0.167227,0.263871,0.949951,-0.036651,0.000000,0.000000,0.000000,1.000000
3.218021,-0.052057,0.963891,-0.261159,-0.009403,-0.984618,-0.005865,0.174620,-0.011195,0.166783,0.266232,0.949370,-0.036817,0.000000,0.000000,0.000000,1.000000
3.234695,-0.052696,0.963302,-0.263198,-0.009470,-0.984657,-0.006215,0.174393,-0.011197,0.166357,0.268350,0.948849,-0.036990,0.000000,0.000000,0.000000,1.000000
3.251369,-0.053362,0.962738,-0.265119,-0.009573,-0.984699,-0.006626,0.174136,-0.011216,0.165890,0.270355,0.948361,-0.037191,0.000000,0.000000,0.000000,1.000000
3.268042,-0.053964,0.962175,-0.267032,-0.009728,-0.984715,-0.006928,0.174036,-0.011256,0.165604,0.272342,0.947842,-0.037449,0.000000,0.000000,0.000000,1.000000
3.284716,-0.055163,0.961358,-0.269717,-0.009321,-0.984708,-0.007673,0.174045,-0.011279,0.165250,0.275194,0.947080,-0.038340,0.000000,0.000000,0.000000,1.000000
3.301390,-0.055614,0.960682,-0.272025,-0.009337,-0.984641,-0.007612,0.174425,-0.011327,0.165496,0.277548,0.946350,-0.038900,0.000000,0.000000,0.000000,1.000000
3.318064,-0.055995,0.960065,-0.274117,-0.009517,-0.984562,-0.007494,0.174874,-0.011400,0.165836,0.279677,0.945663,-0.039382,0.000000,0.000000,0.000000,1.000000
3.334737,-0.056433,0.959473,-0.276093,-0.009762,-0.984485,-0.007458,0.175311,-0.011505,0.166147,0.281703,0.945007,-0.039859,0.000000,0.000000,0.000000,1.000000
3.351411,-0.057030,0.958877,-0.278034,-0.010021,-0.984399,-0.007578,0.175785,-0.011634,0.166449,0.283721,0.944350,-0.040351,0.000000,0.000000,0.000000,1.000000
3.368085,-0.057704,0.958361,-0.279670,-0.010272,-0.984277,-0.007770,0.176459,-0.011769,0.166938,0.285456,0.943741,-0.040880,0.000000,0.000000,0.000000,1.000000
3.384758,-0.058301,0.958434,-0.279294,-0.008127,-0.984341,-0.008570,0.176065,-0.011712,0.166353,0.285185,0.943926,-0.043564,0.000000,0.000000,0.000000,1.000000
3.401432,-0.059121,0.958084,-0.280321,-0.007570,-0.984233,-0.009052,0.176642,-0.011774,0.166700,0.286345,0.943513,-0.044741,0.000000,0.000000,0.000000,1.000000
3.418106,-0.059969,0.957655,-0.281605,-0.007544,-0.984149,-0.009555,0.177085,-0.011863,0.166896,0.287761,0.943048,-0.045449,0.000000,0.000000,0.000000,1.000000
3.434779,-0.060746,0.957210,-0.282946,-0.007713,-0.984061,-0.009966,0.177553,-0.011939,0.167135,0.289222,0.942559,-0.046023,0.000000,0.000000,0.000000,1.000000
3.451453,-0.061412,0.956736,-0.284402,-0.007975,-0.983947,-0.010197,0.178167,-0.011985,0.167559,0.290778,0.942005,-0.046563,0.000000,0.000000,0.000000,1.000000
3.468127,-0.062025,0.956203,-0.286058,-0.008294,-0.983836,-0.010336,0.178772,-0.011997,0.167986,0.292523,0.941388,-0.047082,0.000000,0.000000,0.000000,1.000000
3.484800,-0.061560,0.956401,-0.285495,-0.006581,-0.984086,-0.010389,0.177391,-0.012141,0.166691,0.291872,0.941820,-0.047867,0.000000,0.000000,0.000000,1.000000
3.501474,-0.061939,0.956066,-0.286535,-0.006247,-0.984101,-0.010621,0.177293,-0.012130,0.166460,0.292961,0.941523,-0.048347,0.000000,0.000000,0.000000,1.000000
3.518148,-0.062451,0.955647,-0.287816,-0.006351,-0.984093,-0.010907,0.177319,-0.012069,0.166315,0.294311,0.941127,-0.048759,0.000000,0.000000,0.000000,1.000000
3.534821,-0.063148,0.955167,-0.289254,-0.006598,-0.984050,-0.011296,0.177531,-0.011995,0.166305,0.295851,0.940646,-0.049159,0.000000,0.000000,0.000000,1.000000
3.551495,-0.063786,0.954665,-0.290769,-0.006919,-0.984021,-0.011633,0.177672,-0.011911,0.166235,0.297456,0.940152,-0.049554,0.000000,0.000000,0.000000,1.000000
3.568169,-0.064305,0.954110,-0.292470,-0.007305,-0.984001,-0.011827,0.177770,-0.011806,0.166153,0.299222,0.939606,-0.049937,0.000000,0.000000,0.000000,1.000000
3.584842,-0.063941,0.954309,-0.291901,-0.005718,-0.984323,-0.012131,0.175957,-0.011568,0.164376,0.298575,0.940124,-0.049929,0.000000,0.000000,0.000000,1.000000
3.601516,-0.063835,0.953842,-0.293447,-0.005528,-0.984417,-0.011907,0.175443,-0.011336,0.163851,0.300073,0.939739,-0.050047,0.000000,0.000000,0.000000,1.000000
3.618190,-0.063512,0.953507,-0.294602,-0.005797,-0.984588,-0.011668,0.174500,-0.011079,0.162949,0.301144,0.939553,-0.050207,0.000000,0.000000,0.000000,1.000000
3.634863,-0.063563,0.953114,-0.295860,-0.006201,-0.984757,-0.011806,0.173534,-0.010794,0.161905,0.302380,0.939336,-0.050346,0.000000,0.000000,0.000000,1.000000
3.651537,-0.063876,0.952498,-0.297771,-0.006680,-0.984908,-0.012074,0.172655,-0.010472,0.160858,0.304305,0.938895,-0.050437,0.000000,0.000000,0.000000,1.000000
3.668211,-0.064049,0.951854,-0.299788,-0.007232,-0.985065,-0.012191,0.171750,-0.010117,0.159826,0.306311,0.938419,-0.050506,0.000000,0.000000,0.000000,1.000000
3.684884,-0.062993,0.951822,-0.300113,-0.006490,-0.985536,-0.011924,0.169045,-0.009997,0.157322,0.306421,0.938806,-0.051580,0.000000,0.000000,0.000000,1.000000
3.701558,-0.062946,0.951263,-0.301888,-0.006692,-0.985738,-0.011955,0.167862,-0.009706,0.156072,0.308149,0.938449,-0.051902,0.000000,0.000000,0.000000,1.000000
3.718232,-0.063075,0.950460,-0.304379,-0.007208,-0.985952,-0.012079,0.166594,-0.009369,0.154665,0.310611,0.937870,-0.051957,0.000000,0.000000,0.000000,1.000000
3.734905,-0.063112,0.949696,-0.306747,-0.007835,-0.986121,-0.012048,0.165590,-0.009002,0.153565,0.312941,0.937276,-0.051957,0.000000,0.000000,0.000000,1.000000
3.751579,-0.063099,0.949014,-0.308854,-0.008499,-0.986235,-0.011901,0.164920,-0.008634,0.152835,0.315009,0.936702,-0.051965,0.000000,0.000000,0.000000,1.000000
3.768253,-0.063169,0.948240,-0.311209,-0.009178,-0.986342,-0.011789,0.164288,-0.008283,0.152116,0.317336,0.936033,-0.051944,0.000000,0.000000,0.000000,1.000000
3.784927,-0.063485,0.946805,-0.315485,-0.007932,-0.986609,-0.011953,0.162664,-0.008840,0.150240,0.321587,0.934885,-0.050914,0.000000,0.000000,0.000000,1.000000
3.801600,-0.063841,0.945741,-0.318589,-0.007932,-0.986763,-0.012135,0.161712,-0.008839,0.149072,0.324696,0.933997,-0.050478,0.000000,0.000000,0.000000,1.000000
3.818274,-0.063858,0.944793,-0.321385,-0.008343,-0.986921,-0.012023,0.160753,-0.008668,0.148015,0.327447,0.933204,-0.050230,0.000000,0.000000,0.000000,1.000000
3.834948,-0.063927,0.943726,-0.324490,-0.008871,-0.987057,-0.011871,0.159932,-0.008467,0.147081,0.330514,0.932270,-0.050019,0.000000,0.000000,0.000000,1.000000
3.851621,-0.064323,0.942665,-0.327484,-0.009400,-0.987157,-0.012018,0.159299,-0.008294,0.146230,0.333524,0.931332,-0.049817,0.000000,0.000000,0.000000,1.000000
3.868295,-0.064785,0.941682,-0.330208,-0.009922,-0.987274,-0.012325,0.158550,-0.008149,0.145234,0.336277,0.930497,-0.049613,0.000000,0.000000,0.000000,1.000000
3.884969,-0.065771,0.940517,-0.333319,-0.009575,-0.987511,-0.013424,0.156978,-0.008152,0.143166,0.339481,0.929654,-0.050214,0.000000,0.000000,0.000000,1.000000
3.901642,-0.066501,0.939247,-0.336738,-0.009786,-0.987576,-0.013802,0.156534,-0.008092,0.142377,0.342964,0.928496,-0.050299,0.000000,0.000000,0.000000,1.000000
3.918316,-0.066974,0.938074,-0.339899,-0.010181,-0.987642,-0.013950,0.156107,-0.008014,0.141699,0.346154,0.927415,-0.050245,0.000000,0.000000,0.000000,1.000000
3.934990,-0.067328,0.936922,-0.342992,-0.010638,-0.987691,-0.013942,0.155794,-0.007937,0.141185,0.349260,0.926329,-0.050165,0.000000,0.000000,0.000000,1.000000
3.951663,-0.067803,0.935712,-0.346187,-0.011112,-0.987722,-0.014007,0.155592,-0.007876,0.140741,0.352486,0.925173,-0.050076,0.000000,0.000000,0.000000,1.000000
3.968337,-0.068446,0.934436,-0.349492,-0.011584,-0.987764,-0.014267,0.155303,-0.007841,0.140135,0.355846,0.923978,-0.049974,0.000000,0.000000,0.000000,1.000000
3.985011,-0.069343,0.933597,-0.351552,-0.010726,-0.987954,-0.015399,0.153978,-0.007328,0.138340,0.357995,0.923419,-0.050880,0.000000,0.000000,0.000000,1.000000
4.001684,-0.070102,0.932262,-0.354926,-0.010740,-0.987934,-0.015625,0.154087,-0.007147,0.138104,0.361445,0.922109,-0.051171,0.000000,0.000000,0.000000,1.000000
4.018358,-0.070749,0.930932,-0.358274,-0.011013,-0.987917,-0.015742,0.154183,-0.007080,0.137894,0.364854,0.920797,-0.051291,0.000000,0.000000,0.000000,1.000000
4.035032,-0.071435,0.929528,-0.361765,-0.011351,-0.987916,-0.015919,0.154174,-0.007063,0.137550,0.368407,0.919433,-0.051354,0.000000,0.000000,0.000000,1.000000
4.051705,-0.072187,0.928125,-0.365204,-0.011695,-0.987948,-0.016272,0.153926,-0.007075,0.136920,0.371914,0.918114,-0.051404,0.000000,0.000000,0.000000,1.000000
4.068379,-0.072890,0.926703,-0.368657,-0.012024,-0.987985,-0.016584,0.153655,-0.007090,0.136279,0.375428,0.916778,-0.051475,0.000000,0.000000,0.000000,1.000000
4.085053,-0.073966,0.925662,-0.371051,-0.011664,-0.988109,-0.017735,0.152729,-0.007364,0.134795,0.377935,0.915967,-0.051014,0.000000,0.000000,0.000000,1.000000
4.101726,-0.075055,0.924083,-0.374751,-0.011648,-0.988031,-0.018126,0.153187,-0.007447,0.134764,0.381763,0.914383,-0.050986,0.000000,0.000000,0.000000,1.000000
4.118400,-0.076079,0.922528,-0.378356,-0.011701,-0.987936,-0.018411,0.153763,-0.007453,0.134885,0.385490,0.912800,-0.051120,0.000000,0.000000,0.000000,1.000000
4.135074,-0.077253,0.920929,-0.381997,-0.011724,-0.987833,-0.018833,0.154372,-0.007423,0.134972,0.389275,0.911179,-0.051299,0.000000,0.000000,0.000000,1.000000
4.151748,-0.078549,0.919416,-0.385363,-0.011694,-0.987744,-0.019477,0.154865,-0.007364,0.134880,0.392804,0.909677,-0.051503,0.000000,0.000000,0.000000,1.000000
